universe;false_pos;total_inserted;total_stored;success_iter_perc;average_retrieved;worst_retrieved;iterations
16777216;3300;82000;515900;100.0;820.0;820;100
16777216;3474;83000;521600;93.0;775.83;43;100
16777216;3694;84000;524200;53.0;468.77;22;100
16777216;3885;85000;528000;15.0;159.89;10;100
16777216;4084;86000;532600;8.0;94.26;6;100
16777216;4351;87000;538300;1.0;28.53;4;100
16777216;4575;88000;541300;0.0;15.4;2;100
16777216;4799;89000;572000;0.0;10.91;2;100
16777216;5009;90000;575600;0.0;9.57;1;100
